0,0
1,0
2,3
3,3
4,8
5,12
6,18
7,21
8,31
9,30
10,42
11,45
12,49
13,49
14,56
15,62
16,69
17,74
18,74
19,82
20,87
21,94
22,102
23,97
24,105
25,117
26,119
27,128
28,135
29,141
30,149
31,144
32,143
33,158
34,161
35,156
36,170
37,170
38,176
39,187
40,186
41,192
42,202
43,204
44,206
45,218
46,229
47,230
48,232
49,234
50,237
51,245
52,248
53,265
54,274
55,270
56,272
57,270
58,291
59,282
60,307
61,307
62,308
63,312
64,313
65,317
66,324
67,326
68,350
69,338
70,355
71,358
72,353
73,360
74,359
75,390
76,384
77,392
78,399
79,402
80,414
81,409
82,412
83,419
84,426
85,423
86,444
87,449
88,448
89,450
90,463
91,474
92,466
93,480
94,476
95,487
96,501
97,498
98,503
99,506
100,504
101,509
102,516
103,532
104,532
105,549
106,547
107,563
108,562
109,555
110,556
111,575
112,571
113,581
114,584
115,591
116,602
117,614
118,614
119,612
120,636
121,619
122,626
123,650
124,649
125,651
126,661
127,673
128,667
129,682
130,693
131,687
132,697
133,683
134,698
135,699
136,699
137,705
138,722
139,721
140,714
141,737
142,726
143,749
144,776
145,757
146,765
147,769
148,782
149,795
150,796
151,791
152,805
153,797
154,807
155,819
156,817
157,834
158,827
159,831
160,849
161,860
162,843
163,838
164,872
165,889
166,866
167,874
168,859
169,897
170,896
171,900
172,902
173,919
174,913
175,926
176,939
177,932
178,951
179,950
180,954
181,961
182,974
183,971
184,987
185,976
186,984
187,1000
188,997
189,1011
190,1005
191,1010
192,1023
193,1034
194,1043
195,1021
196,1033
197,1066
198,1070
199,1074
200,1065
201,1062
202,1067
203,1081
204,1095
205,1100
206,1111
207,1106
208,1116
209,1116
210,1128
211,1124
212,1139
213,1138
214,1146
215,1149
216,1174
217,1173
218,1155
219,1171
220,1176
221,1176
222,1206
223,1193
224,1213
225,1215
226,1215
227,1225
228,1199
229,1234
230,1243
231,1253
232,1232
233,1250
234,1253
235,1267
236,1268
237,1262
238,1283
239,1283
240,1292
241,1296
242,1316
243,1302
244,1318
245,1310
246,1325
247,1327
248,1347
249,1353
250,1346
251,1367
252,1381
253,1375
254,1378
255,1382
256,1389
257,1386
258,1377
259,1376
260,1404
261,1406
262,1415
263,1433
264,1412
265,1421
266,1454
267,1459
268,1457
269,1444
270,1467
271,1478
272,1471
273,1476
274,1471
275,1476
276,1486
277,1487
278,1499
279,1518
280,1512
281,1547
282,1532
283,1557
284,1542
285,1566
286,1560
287,1537
288,1583
289,1603
290,1579
291,1583
292,1597
293,1606
294,1587
295,1613
296,1612
297,1618
298,1601
299,1617
300,1629
301,1630
302,1641
303,1644
304,1649
305,1655
306,1681
307,1699
308,1680
309,1670
310,1696
311,1678
312,1706
313,1694
314,1707
315,1720
316,1733
317,1732
318,1766
319,1742
320,1736
321,1744
322,1769
323,1761
324,1761
325,1764
326,1775
327,1782
328,1795
329,1785
330,1815
331,1807
332,1809
333,1818
334,1837
335,1846
336,1848
337,1832
338,1867
339,1836
340,1853
341,1861
342,1855
343,1866
344,1874
345,1871
346,1875
347,1924
348,1893
349,1916
350,1912
351,1903
352,1939
353,1942
354,1935
355,1953
356,1952
357,1963
358,1957
359,1961
360,1959
361,1974
362,2010
363,1990
364,2013
365,2001
366,2005
367,2017
368,2015
369,2034
370,2026
371,2035
372,2027
373,2069
374,2037
375,2049
376,2066
377,2063
378,2065
379,2098
380,2107
381,2078
382,2111
383,2100
384,2118
385,2124
386,2130
387,2127
388,2144
389,2138
390,2161
391,2138
392,2166
393,2149
394,2164
395,2175
396,2169
397,2199
398,2188
399,2208
400,2204
401,2217
402,2203
403,2224
404,2211
405,2224
406,2243
407,2250
408,2228
409,2279
410,2273
411,2261
412,2264
413,2283
414,2298
415,2279
416,2276
417,2304
418,2320
419,2330
420,2318
421,2314
422,2319
423,2344
424,2326
425,2364
426,2350
427,2345
428,2364
429,2368
430,2399
431,2392
432,2385
433,2410
434,2373
435,2384
436,2409
437,2430
438,2404
439,2417
440,2448
441,2420
442,2434
443,2419
444,2432
445,2450
446,2483
447,2453
448,2485
449,2489
450,2523
451,2501
452,2498
453,2513
454,2533
455,2528
456,2516
457,2564
458,2542
459,2555
460,2559
461,2553
462,2576
463,2587
464,2577
465,2562
466,2576
467,2608
468,2609
469,2604
470,2594
471,2601
472,2621
473,2618
474,2612
475,2651
476,2614
477,2660
478,2655
479,2666
480,2668
481,2649
482,2682
483,2670
484,2679
485,2694
486,2708
487,2709
488,2730
489,2710
490,2755
491,2708
492,2724
493,2727
494,2753
495,2767
496,2781
497,2746
498,2789
499,2807
500,2769
501,2780
502,2797
503,2785
504,2812
505,2788
506,2829
507,2813
508,2828
509,2803
510,2815
511,2826
512,2845
513,2818
514,2853
515,2862
516,2868
517,2900
518,2913
519,2884
520,2888
521,2904
522,2926
523,2915
524,2924
525,2918
526,2938
527,2931
528,2939
529,2935
530,2946
531,2966
532,2969
533,2962
534,2959
535,2988
536,2966
537,2992
538,2997
539,2998
540,3027
541,3030
542,3004
543,3021
544,3024
545,3058
546,3042
547,3064
548,3043
549,3081
550,3094
551,3071
552,3070
553,3078
554,3089
555,3122
556,3100
557,3126
558,3112
559,3141
560,3139
561,3111
562,3105
563,3136
564,3161
565,3159
566,3140
567,3149
568,3162
569,3168
570,3186
571,3145
572,3211
573,3210
574,3184
575,3213
576,3223
577,3232
578,3204
579,3258
580,3248
581,3245
582,3264
583,3259
584,3251
585,3284
586,3274
587,3273
588,3284
589,3306
590,3277
591,3295
592,3318
593,3319
594,3327
595,3329
596,3319
597,3333
598,3359
599,3373
600,3360
601,3381
602,3374
603,3386
604,3392
605,3395
606,3407
607,3387
608,3427
609,3415
610,3418
611,3402
612,3442
613,3451
614,3439
615,3434
616,3462
617,3466
618,3469
619,3464
620,3454
621,3456
622,3491
623,3499
624,3498
625,3504
626,3497
627,3538
628,3532
629,3535
630,3542
631,3562
632,3501
633,3561
634,3567
635,3563
636,3583
637,3558
638,3567
639,3600
640,3591
641,3591
642,3608
643,3610
644,3638
645,3604
646,3608
647,3648
648,3632
649,3650
650,3648
651,3642
652,3665
653,3654
654,3660
655,3692
656,3676
657,3691
658,3685
659,3716
660,3740
661,3695
662,3733
663,3757
664,3767
665,3706
666,3790
667,3777
668,3746
669,3764
670,3764
671,3761
672,3760
673,3785
674,3792
675,3794
676,3797
677,3818
678,3819
679,3822
680,3853
681,3848
682,3801
683,3840
684,3863
685,3856
686,3877
687,3835
688,3861
689,3888
690,3896
691,3865
692,3918
693,3898
694,3887
695,3923
696,3884
697,3916
698,3947
699,3959
700,3960
701,3922
702,3966
703,3970
704,3976
705,3982
706,3979
707,4000
708,4008
709,3977
710,3989
711,4026
712,4055
713,4023
714,4014
715,4039
716,4040
717,4012
718,4069
719,4041
720,4052
721,4084
722,4074
723,4089
724,4081
725,4068
726,4095
727,4080
728,4112
729,4119
730,4128
731,4129
732,4117
733,4159
734,4121
735,4146
736,4150
737,4155
738,4143
739,4171
740,4148
741,4176
742,4179
743,4206
744,4208
745,4218
746,4176
747,4220
748,4198
749,4225
750,4257
751,4231
752,4248
753,4224
754,4266
755,4283
756,4256
757,4250
758,4315
759,4286
760,4271
761,4327
762,4321
763,4285
764,4291
765,4336
766,4301
767,4333
768,4323
769,4319
770,4334
771,4340
772,4361
773,4367
774,4365
775,4376
776,4382
777,4387
778,4387
779,4383
780,4368
781,4388
782,4421
783,4430
784,4427
785,4463
786,4447
787,4451
788,4452
789,4427
790,4480
791,4474
792,4491
793,4472
794,4481
795,4494
796,4501
797,4526
798,4523
799,4552
800,4526
801,4521
802,4516
803,4555
804,4508
805,4562
806,4541
807,4551
808,4571
809,4567
810,4616
811,4585
812,4627
813,4621
814,4579
815,4630
816,4623
817,4634
818,4611
819,4662
820,4624
821,4631
822,4658
823,4631
824,4685
825,4667
826,4682
827,4686
828,4694
829,4704
830,4716
831,4718
832,4725
833,4734
834,4767
835,4729
836,4751
837,4745
838,4727
839,4757
840,4793
841,4769
842,4746
843,4818
844,4809
845,4786
846,4808
847,4820
848,4822
849,4823
850,4812
851,4837
852,4839
853,4844
854,4816
855,4878
856,4858
857,4866
858,4894
859,4873
860,4892
861,4865
862,4923
863,4887
864,4916
865,4881
866,4926
867,4935
868,4917
869,4928
870,4941
871,4920
872,4958
873,4945
874,4960
875,4953
876,4983
877,4994
878,5005
879,4971
880,5006
881,5009
882,4979
883,5003
884,5023
885,5046
886,5023
887,5065
888,5045
889,5057
890,5060
891,5062
892,5056
893,5056
894,5058
895,5059
896,5077
897,5092
898,5090
899,5117
900,5118
901,5115
902,5107
903,5164
904,5156
905,5133
906,5171
907,5159
908,5133
909,5166
910,5184
911,5139
912,5183
913,5176
914,5160
915,5230
916,5190
917,5181
918,5217
919,5212
920,5200
921,5214
922,5217
923,5216
924,5261
925,5294
926,5285
927,5263
928,5249
929,5307
930,5277
931,5288
932,5325
933,5328
934,5298
935,5325
936,5297
937,5336
938,5340
939,5354
940,5360
941,5322
942,5350
943,5385
944,5389
945,5353
946,5404
947,5356
948,5407
949,5352
950,5407
951,5411
952,5427
953,5396
954,5440
955,5452
956,5456
957,5462
958,5436
959,5466
960,5468
961,5437
962,5459
963,5521
964,5473
965,5497
966,5521
967,5520
968,5515
969,5525
970,5532
971,5559
972,5553
973,5526
974,5515
975,5602
976,5575
977,5544
978,5552
979,5575
980,5576
981,5590
982,5579
983,5578
984,5592
985,5596
986,5604
987,5630
988,5629
989,5649
990,5670
991,5651
992,5679
993,5668
994,5659
995,5655
996,5661
997,5674
998,5716
999,5685
