0,0
1,0
2,1
3,3
4,6
5,10
6,15
7,21
8,28
9,36
10,45
11,55
12,66
13,77
14,91
15,105
16,120
17,136
18,153
19,171
20,190
21,210
22,231
23,252
24,276
25,300
26,324
27,351
28,378
29,406
30,435
31,465
32,496
33,528
34,561
35,595
36,629
37,666
38,702
39,741
40,780
41,819
42,861
43,903
44,946
45,990
46,1035
47,1081
48,1128
49,1176
50,1225
51,1275
52,1326
53,1375
54,1431
55,1485
56,1536
57,1594
58,1651
59,1711
60,1770
61,1830
62,1888
63,1951
64,2015
65,2079
66,2142
67,2210
68,2270
69,2342
70,2415
71,2485
72,2555
73,2622
74,2701
75,2775
76,2846
77,2926
78,3001
79,3080
80,3156
81,3232
82,3319
83,3395
84,3477
85,3569
86,3655
87,3738
88,3821
89,3915
90,4005
91,4088
92,4182
93,4272
94,4371
95,4463
96,4546
97,4654
98,4738
99,4851
100,4944
101,5043
102,5147
103,5251
104,5353
105,5449
106,5563
107,5669
108,5777
109,5885
110,5994
111,6098
112,6215
113,6317
114,6440
115,6553
116,6657
117,6782
118,6896
119,7019
120,7140
121,7253
122,7377
123,7493
124,7615
125,7741
126,7871
127,7977
128,8119
129,8256
130,8385
131,8508
132,8644
133,8776
134,8901
135,9038
136,9177
137,9311
138,9449
139,9584
140,9727
141,9857
142,9999
143,10136
144,10289
145,10434
146,10569
147,10726
148,10877
149,11014
150,11173
151,11290
152,11459
153,11618
154,11777
155,11918
156,12084
157,12238
158,12389
159,12545
160,12714
161,12872
162,13041
163,13194
164,13332
165,13526
166,13675
167,13830
168,13939
169,14192
170,14359
171,14526
172,14691
173,14866
174,15045
175,15204
176,15399
177,15546
178,15735
179,15913
180,16077
181,16275
182,16442
183,16639
184,16815
185,17016
186,17194
187,17385
188,17577
189,17758
190,17934
191,18134
192,18320
193,18470
194,18707
195,18905
196,19081
197,19294
198,19461
199,19694
200,19896
201,20081
202,20255
203,20496
204,20690
205,20881
206,21097
207,21309
208,21510
209,21715
210,21921
211,22127
212,22360
213,22575
214,22780
215,22972
216,23192
217,23428
218,23620
219,23850
220,24086
221,24297
222,24513
223,24724
224,24924
225,25184
226,25421
227,25641
228,25875
229,26078
230,26311
231,26557
232,26784
233,27014
234,27211
235,27472
236,27722
237,27944
238,28197
239,28416
240,28663
241,28887
242,29145
243,29345
244,29636
245,29872
246,30117
247,30348
248,30577
249,30864
250,31111
251,31327
252,31612
253,31847
254,32113
255,32330
256,32614
257,32860
258,33121
259,33401
260,33658
261,33910
262,34180
263,34438
264,34708
265,34927
266,35239
267,35496
268,35756
269,36007
270,36253
271,36554
272,36809
273,37102
274,37364
275,37654
276,37931
277,38209
278,38467
279,38727
280,39016
281,39305
282,39569
283,39886
284,40148
285,40404
286,40736
287,41020
288,41281
289,41591
290,41870
291,42178
292,42397
293,42758
294,43025
295,43299
296,43624
297,43892
298,44220
299,44533
300,44839
301,45085
302,45409
303,45713
304,45996
305,46309
306,46646
307,46947
308,47187
309,47501
310,47866
311,48178
312,48429
313,48761
314,49046
315,49416
316,49719
317,50008
318,50337
319,50663
320,50996
321,51338
322,51593
323,51945
324,52283
325,52607
326,52936
327,53253
328,53569
329,53874
330,54229
331,54528
332,54893
333,55229
334,55505
335,55876
336,56240
337,56598
338,56907
339,57250
340,57568
341,57877
342,58266
343,58542
344,58956
345,59293
346,59616
347,59944
348,60320
349,60690
350,61021
351,61358
352,61740
353,62084
354,62367
355,62799
356,63144
357,63473
358,63820
359,64231
360,64541
361,64862
362,65232
363,65649
364,66027
365,66368
366,66726
367,67107
368,67474
369,67830
370,68079
371,68549
372,68881
373,69273
374,69662
375,70061
376,70425
377,70779
378,71200
379,71565
380,71901
381,72303
382,72681
383,73071
384,73439
385,73848
386,74192
387,74640
388,74943
389,75319
390,75790
391,76218
392,76571
393,76950
394,77339
395,77762
396,78138
397,78528
398,78847
399,79382
400,79754
401,80179
402,80498
403,80960
404,81334
405,81769
406,82008
407,82554
408,82901
409,83288
410,83809
411,84187
412,84496
413,84985
414,85395
415,85829
416,86246
417,86532
418,87109
419,87501
420,87932
421,88331
422,88811
423,89123
424,89573
425,90024
426,90432
427,90861
428,91321
429,91696
430,92192
431,92652
432,93008
433,93408
434,93890
435,94362
436,94720
437,95211
438,95555
439,96125
440,96495
441,96904
442,97361
443,97849
444,98184
445,98637
446,99110
447,99628
448,100046
449,100549
450,100936
451,101337
452,101842
453,102272
454,102716
455,103220
456,103611
457,104142
458,104600
459,105022
460,105409
461,105893
462,106395
463,106890
464,107287
465,107619
466,108200
467,108717
468,109212
469,109699
470,110126
471,110584
472,111066
473,111558
474,112081
475,112479
476,112975
477,113371
478,113932
479,114248
480,114889
481,115168
482,115753
483,116366
484,116720
485,117297
486,117757
487,118263
488,118778
489,119213
490,119668
491,120213
492,120702
493,121192
494,121641
495,122127
496,122678
497,123134
498,123683
499,124118
500,124638
501,125122
502,125519
503,126173
504,126640
505,127151
506,127647
507,128069
508,128637
509,129070
510,129685
511,130160
512,130711
513,131171
514,131684
515,132162
516,132810
517,133225
518,133838
519,134326
520,134871
521,135321
522,135964
523,136349
524,136893
525,137480
526,137852
527,138435
528,139035
529,139539
530,140012
531,140558
532,141057
533,141643
534,142176
535,142638
536,143261
537,143870
538,144315
539,144887
540,145384
541,145949
542,146500
543,146972
544,147545
545,148151
546,148628
547,149218
548,149734
549,150198
550,150758
551,151449
552,151980
553,152505
554,153064
555,153638
556,154198
557,154752
558,155354
559,155881
560,156361
561,156948
562,157545
563,158119
564,158671
565,159229
566,159734
567,160400
568,160872
569,161545
570,162008
571,162626
572,163228
573,163678
574,164345
575,164848
576,165445
577,165993
578,166679
579,167189
580,167683
581,168273
582,169000
583,169438
584,170005
585,170617
586,171324
587,171887
588,172418
589,173072
590,173671
591,174267
592,174666
593,175203
594,176011
595,176612
596,177153
597,177715
598,178346
599,178874
600,179576
601,180185
602,180755
603,181418
604,182010
605,182581
606,183168
607,183729
608,184407
609,184784
610,185585
611,185993
612,186730
613,187388
614,188039
615,188710
616,189217
617,189908
618,190325
619,191200
620,191636
621,192414
622,193005
623,193562
624,194213
625,194839
626,195507
627,196121
628,196735
629,197368
630,197968
631,198527
632,199352
633,199970
634,200479
635,201045
636,201778
637,202264
638,202857
639,203611
640,204371
641,204994
642,205515
643,206343
644,206896
645,207603
646,208101
647,208795
648,209440
649,209986
650,210796
651,211309
652,211952
653,212736
654,213397
655,213977
656,214642
657,215320
658,215879
659,216697
660,217411
661,217856
662,218615
663,219241
664,219846
665,220630
666,221162
667,221895
668,222494
669,223263
670,223925
671,224581
672,225234
673,225893
674,226544
675,227187
676,227831
677,228483
678,229304
679,229971
680,230576
681,231224
682,232021
683,232660
684,233347
685,234110
686,234766
687,235382
688,236073
689,236758
690,237396
691,238193
692,238928
693,239594
694,240315
695,240920
696,241649
697,242426
698,243018
699,243615
700,244423
701,245195
702,245894
703,246543
704,247259
705,248029
706,248596
707,249416
708,250082
709,250606
710,251449
711,252276
712,252877
713,253689
714,254335
715,255007
716,255609
717,256485
718,257244
719,257894
720,258570
721,259196
722,260006
723,260757
724,261396
725,262197
726,263034
727,263480
728,264401
729,265154
730,265884
731,266588
732,267362
733,268039
734,268745
735,269403
736,270042
737,270920
738,271788
739,272275
740,273113
741,274086
742,274591
743,275437
744,276093
745,276967
746,277658
747,278367
748,278974
749,279821
750,280606
751,281428
752,282122
753,282738
754,283684
755,284446
756,285171
757,285837
758,286493
759,287437
760,288107
761,288903
762,289703
763,290551
764,291389
765,292058
766,292661
767,293412
768,294188
769,295012
770,295940
771,296673
772,297397
773,298070
774,298822
775,299680
776,300504
777,301327
778,301646
779,302719
780,303585
781,304379
782,304867
783,305852
784,306800
785,307477
786,308146
787,309109
788,309855
789,310769
790,311507
791,312035
792,312978
793,313716
794,314572
795,315323
796,316122
797,316979
798,317877
799,318375
800,319338
801,320116
802,320886
803,321654
804,322620
805,323354
806,324070
807,325011
808,325814
809,326426
810,327172
811,328032
812,329089
813,329767
814,330630
815,331272
816,332166
817,333136
818,333872
819,334721
820,335484
821,336135
822,337321
823,338078
824,338970
825,339512
826,340543
827,341102
828,341983
829,343017
830,343766
831,344513
832,345247
833,346285
834,347028
835,347916
836,348788
837,349663
838,350356
839,351288
840,352183
841,352706
842,353769
843,354580
844,355557
845,356174
846,357218
847,357963
848,358917
849,359777
850,360463
851,361384
852,361853
853,363068
854,363921
855,364653
856,365568
857,366579
858,367364
859,368068
860,369175
861,369818
862,370744
863,371400
864,372520
865,373414
866,374160
867,375009
868,376068
869,376776
870,377526
871,378734
872,379540
873,380321
874,381181
875,382032
876,383085
877,383719
878,384742
879,385269
880,386424
881,387397
882,388187
883,388975
884,390070
885,390787
886,391815
887,392587
888,393374
889,394080
890,395247
891,396299
892,397045
893,397911
894,398830
895,399758
896,400404
897,401572
898,402491
899,403161
900,404188
901,404952
902,405812
903,406769
904,407570
905,408777
906,409638
907,410512
908,411306
909,412326
910,413105
911,414166
912,415111
913,415993
914,416925
915,417666
916,418774
917,419451
918,420560
919,421560
920,422486
921,423490
922,424244
923,425292
924,425973
925,426961
926,427828
927,428757
928,429635
929,430381
930,431556
931,432446
932,433415
933,434315
934,435396
935,436338
936,437293
937,438118
938,439157
939,439936
940,441114
941,441795
942,442763
943,443648
944,444433
945,445629
946,446670
947,447512
948,448502
949,449380
950,450374
951,451434
952,452197
953,453322
954,454347
955,454873
956,456208
957,456885
958,458113
959,458979
960,459986
961,460900
962,461910
963,463087
964,463822
965,464524
966,465551
967,466891
968,467495
969,468838
970,469166
971,470514
972,471281
973,472067
974,473546
975,474275
976,475367
977,476175
978,477408
979,478481
980,479227
981,480126
982,481176
983,482397
984,483111
985,484374
986,484969
987,485625
988,487027
989,488059
990,489114
991,489969
992,491087
993,492191
994,493059
995,494210
996,494960
997,495897
998,496900
999,498067
