-0.26953369980343866 0.5815889499672399
0.7095336998034387 0.4184110500327602
0.6942770609780197 0.5644014799369019
-0.2542770609780196 0.625598520063098
0.5734119409414459 0.7834119409414458
-0.24199046600540566 0.585
0.7019904660054057 0.585
-0.13341194094144584 0.07658805905855415
0.6964761515876241 0.6
-0.23647615158762406 0.6
0.692493243193887 0.61
-0.232493243193887 0.61
0.7295238580228927 0.4418154822528615
-0.20882643945678592 0.5603515991422439
0.6788264394567859 0.5796484008577563
-0.25952385802289274 0.3181845177471385
-0.16861268833208604 0.4981591069774223
0.638612688332086 0.5118408930225777
0.7234191945372659 0.6408547986343163
-0.12298725189445575 0.8129872518944559
-0.24341919453726585 0.3991452013656837
0.5829872518944557 0.10701274810554401
0.4030348062927912 0.8891044188783732
-0.2294862620260335 0.5119960748645812
0.08696519370720879 -0.0591044188783732
0.7294862620260335 0.2380039251354188
0.5982350492236014 1.118235049223601
0.245 1.249774949352206
-0.10823504922360139 0.41176495077639896
0.245 0.2502250506477941
0.47355088906108156 0.7821017781221631
-0.2395336998034387 0.3515889499672399
0.02644911093891844 -0.1121017781221631
0.7395336998034387 0.18841105003276018
0.7599002116711966 0.3399889124079108
-0.09823504922360105 0.5782350492236014
-0.2299002116711965 0.23001108759208927
0.608235049223601 -0.1282350492236014
0.4733830790368869 1.2167661580737734
-0.08851803348627069 1.1085180334862708
0.026616920963113105 0.32323384192622656
0.6185180334862708 0.4014819665137293
0.44042588444089914 1.2335647111022476
0.275 1.2599749993749687
0.06957411555910084 0.30643528889775234
0.275 0.2600250006250313
0.7335647111022476 0.4904258844408993
-0.20965876412900936 0.38116469103225237
-0.1935647111022476 0.1195741155591008
0.7596587641290093 0.13883530896774765
0.6603585333264128 0.8145418095188661
0.10696519370720892 0.9591044188783733
-0.15035853332641286 0.23545819048113387
0.4230348062927911 0.010895581121626696
0.5696247653315726 0.8644996871087636
0.18818451774713835 0.9395238580228927
-0.029624765331572545 0.06550031289123631
0.31181548225286165 -0.04952385802289272
0.7272311791940721 0.8025466881665491
0.26 1.0590991885387113
-0.20723117919407208 0.507453311833451
0.26 0.06090081146128884
0.7222288015246849 0.8378112005929328
-0.05851803348626877 0.9185180334862726
-0.1922288015246849 0.482188799407067
0.6485180334862688 0.21148196651372725
0.3908547986343166 1.2534191945372657
0.29500000000000004 1.259774949352206
0.14914520136568346 0.2865808054627343
0.29500000000000004 0.26022505064779405
0.4770819472443344 1.1846843812997518
-0.17999999999999994 0.71
0.07291805275566568 0.2753156187002482
0.7999999999999999 0.5699999999999998
-0.1694862620260335 0.741996074864581
0.7894862620260334 0.468003925135419
0.4103365378966056 1.2163461515864222
0.17696519370720862 1.189104418878373
0.1696634621033943 0.25365384841357785
0.4930348062927913 0.24089558112162685
0.6396247653315722 1.094499687108764
0.04037523466842702 1.0644996871087633
0.04037523466842774 0.2955003128912361
0.639624765331573 0.26550031289123666
0.42300326792441484 0.7160147056598669
0.258779399191248 0.7096472097050236
0.20699673207558517 -0.2560147056598669
0.341220600808752 -0.27964720970502355
0.45288877434866026 0.8712959144955347
0.14315612858641882 0.8305316142407437
0.1671112256513397 -0.08129591449553464
0.4568438714135812 -0.1105316142407437
0.7857546428807778 0.9421697619205185
0.35 1.1490991885387112
-0.045754642880777796 0.3878302380794815
0.35 0.1509008114612888
0.5230348062927911 1.1891044188783733
0.35 1.2090991885387112
0.2069651937072089 0.24089558112162668
0.35 0.21090081146128875
0.3452708878963221 0.69879243054851
-0.07617465504288035 0.40470633623927993
0.6861746550428803 0.59529366376072
0.2747291121036779 -0.28879243054850995
0.3712058317985619 1.259646654388495
0.35 1.2583974317750846
0.24879416820143807 0.28035334561150516
0.35 0.2616025682249155
0.3543026747757869 0.9187240729820818
0.31 0.9135585071701227
0.2456973252242131 -0.058724072982081765
0.31 -0.07355850717012269
0.4786835596274339 0.9937700856110625
0.298779399191248 0.9896472097050235
0.15131644037256606 0.06622991438893755
0.38122060080875203 3.527902949764239E-4
0.34393214415692763 1.2868464506677697
0.28606785584307237 1.2768464506677697
0.28606785584307237 0.3031535493322304
0.34393214415692763 0.29315354933223037
0.6131031151732312 0.811206230346462
0.30271940672876113 0.8360506788823016
0.16689688482676876 -0.08120623034646207
0.3572805932712388 -0.1460506788823016
0.4026376107391174 1.219250738260782
0.39 1.2183974317750845
0.2573623892608826 0.25074926173921797
0.39 0.22160256822491547
0.36079937469797724 0.8251881192615682
0.345 0.8227220311697052
0.3092006253020227 -0.1551881192615681
0.345 -0.16272203116970524
0.38078575394422554 1.2475720631076084
0.345 1.2427220311697051
0.3192142460557744 0.26242793689239174
0.345 0.25727796883029475
0.36728059327123896 0.9660506788823015
0.29000000000000015 0.95
0.312719406728761 -0.016050678882301495
0.3582510399709026 1.233271839388953
-0.01210177812216312 0.9535508890610815
0.31174896002909747 0.256728160611047
0.8821017781221632 0.5064491109389184
0.4212058317985619 0.7596466543884949
0.2974416011056904 0.7392463906016309
0.29879416820143806 -0.21964665438849484
0.41255839889430956 -0.2392463906016309
0.6535508890610806 0.7921017781221635
0.33999999999999997 0.8298979485566356
0.20644911093891943 -0.10210177812216364
0.33999999999999997 -0.14989794855663557
0.40078575394422555 0.9375720631076083
0.33 0.9253864439804639
0.33921424605577444 -0.04757206310760831
0.33 -0.045386443980463875
0.36214641997086156 1.2322212393589531
0.445 1.2399749993749687
0.3178535800291385 0.257778760641047
0.445 0.2400250006250313
0.40393214415692763 0.9368464506677696
0.455 0.9399749993749686
0.34606785584307237 -0.04684645066776966
0.455 -0.059974999374968696
0.4326376107391172 0.8792507382607821
0.41000000000000003 0.87749371855331
0.28736238926088276 -0.08925073826078206
0.41000000000000003 -0.11749371855330998
0.49368514722995527 1.1788640204064595
0.41000000000000003 1.17749371855331
0.28631485277004476 0.2111359795935407
0.41000000000000003 0.18250628144669007
0.35855468185153067 0.9174217281397972
0.36818451774713834 0.9195238580228927
0.3214453181484693 -0.047421728139797226
0.49181548225286165 -0.06952385802289274
0.46776406225727457 0.9998502594053105
0.44 0.9983974317750846
0.2422359377427254 0.06014974059468964
0.44 0.0016025682249155015
0.3628175686732129 0.9160743541767482
0.475 0.9299749993749686
0.32718243132678704 -0.046074354176748156
0.475 -0.0699749993749687
0.3961352339283848 0.8111103803528499
0.2936067003016124 0.7798148234165351
0.3538647660716152 -0.1611103803528499
0.4763932996983876 -0.17981482341653499
0.525533679898329 0.838735759288306
0.46499999999999997 0.8393746088859546
0.38446632010167087 -0.14873575928830607
0.46499999999999997 -0.1593746088859545
0.4663782641532124 1.1180935094555169
0.29192030612270836 1.0699347142846247
0.3636217358467877 0.14190649054448312
0.5180796938772917 0.12006528571537534
0.37 1.28
0.8307332368463465 0.41642446534995825
0.059266763153653534 0.5835755346500417
0.37 0.32
0.9621017781221631 0.8335508890610815
0.3441297144128965 1.0680487609720921
0.0678982218778369 0.3864491109389184
0.47587028558710354 0.10195123902790781
0.4285546818515307 0.9674217281397972
0.395 0.958513322698543
0.39144531814846933 0.0025782718602027632
0.395 0.0014866773014569623
0.477123854584929 0.9946605577862878
0.515 0.9987734956871706
0.302876145415071 0.06533944221371224
0.515 0.0012265043128293907
0.41032564060244336 0.8100948586757435
0.49 0.8263869458396343
0.37967435939755667 -0.14009485867574345
0.49 -0.16638694583963431
0.43419413959826114 1.0164041557147852
0.3458058604017389 0.07359584428521487
0.5315250356490024 0.8496585591103482
0.485 0.8457569969249047
0.37847496435099764 -0.11965855911034817
0.485 -0.14575699692490474
0.533020892089667 0.9592715971656736
0.40718243132678716 0.9360743541767482
0.45697910791033297 -0.02927159716567368
0.4428175686732129 -0.026074354176748138
0.5341013748054263 1.148709623637984
0.475 1.140892045158607
0.39589862519457364 0.18129037636201623
0.475 0.1591079548413929
0.4414897578518986 0.9632029777050597
0.5549999999999999 0.9797749493522059
0.4085102421481014 0.006797022294940336
0.5549999999999999 -0.019774949352205917
0.45032564060244334 0.7500948586757435
0.48211847494009 0.7582228758986495
0.41967435939755665 -0.2000948586757435
0.5478815250599101 -0.22822287589864942
0.4438230263970191 0.8749828974986509
0.45999999999999996 0.8799999999999999
0.4161769736029809 -0.06498289749865077
0.6000000000000001 -0.09999999999999992
0.5203005946734597 0.8536071360815156
0.47706949088570677 0.8446525455714647
0.4396994053265403 -0.11360713608151557
0.6729305091142931 -0.13465254557146478
0.4603256406024433 0.9200948586757436
0.53 0.9350757517794626
0.4296743593975566 -0.03009485867574352
0.53 -0.055075751779462556
0.48588928816396065 1.1816786449188201
0.47879416820143844 1.179646654388495
0.4541107118360393 0.2283213550811798
0.6012058317985616 0.20035334561150503
0.5092142460557748 1.1775720631076083
0.5707857539442253 0.1924279368923918
0.5444630618792645 0.8342612375852916
0.5549999999999999 0.8357569969249048
0.49553693812073557 -0.1442612375852917
0.5549999999999999 -0.1557569969249047
0.45754917335224987 0.7893194140332442
0.56 0.8150757517794626
0.43245082664775014 -0.13931941403324416
0.56 -0.17507575177946255
0.5607993746979774 1.2251881192615681
0.5055369381207354 1.2142612375852917
0.5092006253020227 0.24481188073843185
0.5544630618792646 0.2357387624147083
0.5607993746979774 1.2251881192615681
0.5055369381207354 1.2142612375852917
0.5092006253020227 0.24481188073843185
0.5544630618792646 0.2357387624147083
0.4572142253992576 1.2253916206847806
0.515 1.2441229182759272
0.4127857746007424 0.3146083793152195
0.515 0.2758770817240729
0.6503680756077084 1.0998924914501045
0.5800000000000001 1.096386945839634
0.49963192439229154 0.12010750854989549
0.5800000000000001 0.10361305416036581
0.6922694400610137 0.7772604002288019
0.46 0.7464761515876241
0.43773055993898624 -0.1772604002288018
0.46 -0.18647615158762404
0.5721464199708616 0.7422212393589531
0.4531992561316005 0.7052290108675815
0.5278535800291385 -0.23222123935895306
0.47680074386839955 -0.2152290108675815
0.48680074386839955 0.9452290108675815
0.62 0.9774937185533099
0.4631992561316005 0.024770989132418486
0.62 -0.01749371855331
0.7711646910322524 1.2096587641290093
0.55 1.2053864439804638
0.5288353089677477 0.2403412358709906
0.55 0.2346135560195361
0.46549452881911024 0.7862647392217399
0.6100000000000001 0.8263869458396342
0.4445054711808898 -0.1162647392217398
0.6100000000000001 -0.16638694583963415
0.6530208920896672 1.0192715971656736
0.5396319243922916 0.9998924914501045
0.5769791079103328 0.03072840283432654
0.6903680756077084 0.020107508549895514
0.4808001416421307 0.7786059489694881
0.655 0.8193746088859546
0.45919985835786936 -0.12860594896948813
0.655 -0.17937460888595452
0.6612206008087521 0.9496472097050236
0.485 0.9104074282632721
0.5787793991912481 -0.039647209705023556
0.485 -0.010407428263272067
0.595 1.2927220311697054
0.8616624790355399 0.33416876048223004
0.1983375209644601 0.6658312395177699
0.595 0.3072779688302948
0.6630208920896673 0.9492715971656737
0.685 0.9499749993749688
0.5869791079103327 -0.03927159716567363
0.685 -0.04997499937496874
0.5008001416421307 0.9386059489694882
0.685 0.9797749493522059
0.4791998583578693 0.03139405103051174
0.685 -0.019774949352205917
0.69 1.2998999899979995
0.8634759314086475 0.3274795032487214
0.21652406859135254 0.6725204967512786
0.69 0.3001000100020006
0.6563782641532123 1.0980935094555169
0.6699999999999999 1.0990991885387111
0.5536217358467876 0.1219064905444831
0.6699999999999999 0.10090081146128871
0.5871310051538027 0.9446681443064782
0.635 0.9543429983321297
0.5528689948461972 -0.014668144306478226
0.635 -0.03434299833212967
0.4791356373531438 0.8535105929509021
0.485 0.8565142774872938
0.46086436264685615 -0.023510592950902243
0.485 -0.0365142774872938
0.5054945288191103 0.7262647392217398
0.6499999999999999 0.7663869458396342
0.48450547118088977 -0.17626473922173985
0.6499999999999999 -0.22638694583963415
0.5871310051538027 0.9446681443064782
0.635 0.9543429983321297
0.5528689948461972 -0.014668144306478226
0.635 -0.03434299833212967
0.4791356373531438 0.8535105929509021
0.485 0.8565142774872938
0.46086436264685615 -0.023510592950902243
0.485 -0.0365142774872938
0.483892689884891 1.1807418043596587
0.585 1.221430161082581
0.466107310115109 0.3092581956403412
0.585 0.25856983891741886
0.5143873410476929 0.6762050292415697
0.5378340483059139 0.6873061643752733
0.49561265895230705 -0.2062050292415697
0.5621659516940862 -0.23730616437527327
0.6047953519398623 0.9384512620755969
0.73 0.9595998398718718
0.5752046480601376 -0.008451262075596988
0.73 -0.03959983987187177
0.5349194684282631 1.011376079271841
0.52 1.0039594576084623
0.5150805315717369 0.11862392072815908
0.52 0.11604054239153783
0.9735508890610816 0.6721017781221631
0.56 0.678257569495584
0.5264491109389184 -0.2221017781221631
0.56 -0.238257569495584
0.5189465782303551 0.9680562154029384
0.655 1.0188506929523573
0.471053421769645 0.12194378459706168
0.655 0.041149307047642636
0.6230348062927913 0.9091044188783731
0.30696519370720865 -0.039104418878373126
0.5530967509168402 0.9851824310304956
0.49690324908315986 0.10481756896950445
0.4996484008577562 1.1888264394567858
0.4803515991422438 0.3011735605432141
0.5647953519398624 0.8884512620755969
0.5352046480601377 -0.05845126207559698
0.5801760238479899 1.2564081907839189
0.4598239761520101 0.2935918092160811
0.4100091083899324 1.2898998077107438
0.49999089161006766 0.3001001922892563
0.5761352339283848 0.8211103803528499
0.5338647660716153 -0.1511103803528499
0.7234119409414456 0.5634119409414461
0.016588059058554427 -0.14341194094144605
0.44000910838993235 0.9698998077107437
0.5299908916100676 -0.01989980771074379
0.6100091083899326 0.8998998077107438
0.6999908916100674 -0.08989980771074374
0.5914897578518986 1.2232029777050597
0.5585102421481013 0.26679702229494034
0.5743484113653865 0.8087102841346623
0.5356515886346136 -0.15871028413466226
0.8208547986343164 0.7234191945372659
0.5791452013656835 -0.24341919453726585
0.38788152505990997 1.2482228758986493
0.32211847494009 0.26177712410135057
0.411220600808752 1.2496472097050235
0.328779399191248 0.26035279029497643
0.7455336798983295 0.768735759288306
0.6044663201016706 -0.21873575928830585
0.5817205720355969 0.9658085805339522
0.5182794279644032 0.014191419466047739
0.5781845177471384 0.9395238580228926
0.7018154822528616 -0.049523858022892664
1.2291044188783733 0.7030348062927911
0.2808955811216267 0.38696519370720894
0.7183033585234376 1.058994311509767
0.5516966414765624 0.10100568849023311
0.5311646910322525 1.2396587641290093
0.2888353089677475 0.27034123587099057
0.5202058299324287 1.189939918378289
0.47979417006757125 0.2200600816217108
0.49152503564900246 1.1196585591103483
0.3384749643509976 0.1503414408896518
0.5564246356879944 1.1178400879813086
0.33357536431200563 0.1521599120186915
0.30706949088570695 1.2046525455714647
0.502930509114293 0.2253474544285352
0.645700773936853 1.1442361711017937
0.38429922606314704 0.18576382889820642
0.5456975775938565 0.6717460257167281
0.5943024224061436 -0.2517460257167281
0.6000000000000001 0.8599999999999999
0.45999999999999996 -0.11999999999999994
0.31689688482676864 1.081206230346462
0.7631031151732315 0.18879376965353806
0.5763782641532124 1.198093509455517
0.4736217358467877 0.22190649054448308
1.1340457166911568 0.5517978327611542
0.3259542833088432 0.46820216723884583
0.5117489600290975 1.243271839388953
0.5582510399709025 0.26672816061104704
0.6303005946734597 0.9036071360815155
0.5496994053265403 -0.06360713608151558
0.6341495223968374 0.975644746365212
0.5458504776031625 0.004355253634787948
0.7206764278173433 1.2534483904063656
0.4293235721826566 0.3065516095936345
0.6555336798983291 0.838735759288306
0.5144663201016708 -0.148735759288306
0.45957411555910094 1.1735647111022476
0.8304258844408992 0.2464352888977523
0.6530208920896672 0.8192715971656734
0.5769791079103328 -0.16927159716567347
0.8008547986343165 1.2334191945372657
0.5591452013656834 0.26658080546273427
0.6913377924726238 0.9565468209625503
0.5986622075273762 -0.01654682096255039
0.567280593271239 1.2260506788823013
0.512719406728761 0.24394932111769851
0.761996074864581 0.7394862620260335
0.488003925135419 -0.2194862620260335
0.6072805932712391 0.8260506788823014
0.5527194067287611 -0.15605067888230145
0.693550889061082 0.8821017781221627
0.24644911093891794 -0.012101778122162787
0.6200110875920892 1.2299002116711966
0.7299889124079109 0.24009978832880347
0.49877939919124803 0.9296472097050236
0.581220600808752 -0.059647209705023574
0.2832934463156801 1.0596331921054007
0.9067065536843198 0.28036680789459906
0.637144662863522 0.9046636229305023
0.5528553371364779 -0.06466362293050232
0.6903208406794819 0.979906305096113
0.5596791593205181 9.36949038869983E-5
0.785700773936853 0.9042361711017937
0.524299226063147 -0.054236171101793684
1.1196587641290094 0.42116469103225257
0.15034123587099057 0.17883530896774752
0.7429305091142929 0.8246525455714648
0.5470694908857071 -0.15465254557146474
0.8127399641199493 1.0871239067118679
0.4572600358800507 0.16287609328813218
0.30701274810554424 1.132987251894456
1.0129872518944558 0.42701274810554424
0.8646970249944611 1.0466668187347685
0.525302975005539 0.11333318126523151
0.7143026747757867 0.9587240729820816
0.6056973252242132 -0.01872407298208173
1.136766158073774 0.7233830790368858
0.24323384192622594 0.27661692096311424
1.0285180334862707 0.6785180334862707
0.32148196651372934 -0.02851803348627069
0.6581845177471383 1.0195238580228927
0.7818154822528617 0.030476141977107296
0.9634119409414452 0.7034119409414463
0.2565880590585547 -0.003411940941446312
0.4764491109389184 0.9021017781221632
0.9235508890610815 0.007898221877836897
1.0309854072787676 0.9747648064700156
0.28901459272123226 0.31523519352998436
0.8308547986343162 0.9534191945372659
0.5891452013656837 -0.013419194537265866
0.49957411555910064 0.7235647111022475
0.8704258844408994 -0.2035647111022475
0.4496144621009498 0.8368481833779104
0.8603855378990503 -0.06684818337791049
0.36003152748067685 0.7671023218105586
0.9699684725193232 -0.01710232181055854
1.094499687108764 0.729624765331572
0.295500312891236 0.13037523466842804
0.3881898160348089 1.1330169732753186
0.9018101839651911 0.27698302672468145
1.1663461515864224 0.7803365378966052
0.2036538484135778 0.5396634621033947
0.2445788509735981 0.5927105745132006
1.135421149026402 0.14728942548679938
0.30701274810554446 0.6529872518944562
1.0129872518944556 -0.05298725189445602
0.5095741155591007 1.1935647111022476
0.8804258844408994 0.2664352888977525
0.5095741155591007 1.1935647111022476
0.8804258844408994 0.2664352888977525
1.114942071953331 1.0466280479688865
0.2850579280466689 0.49337195203111345
1.0367065536843199 0.9696331921054009
0.4132934463156801 0.1903668078945992
1.1230169732753188 0.5518101839651907
0.26698302672468127 0.03818981603480942
1.1244996871087634 0.5496247653315729
0.3255003128912365 -0.04962476533157284
0.9104258844408987 0.9335647111022479
0.5395741155591013 0.006435288897752023
0.22000000000000003 0.74
1.2 0.5999999999999999
0.22279771283908412 0.5224007623869715
1.167202287160916 0.2075992376130284
0.41088557476440735 0.8879373102827111
1.0491144252355926 0.1220626897172889
1.1467661580737736 0.6533830790368867
0.25323384192622644 0.20661692096311324
1.183392015141785 0.9277973383805951
0.23660798485821494 0.612202661619405
0.26126424071169413 0.5655336798983295
1.248735759288306 0.4244663201016705
1.1653579807229504 0.5127198446709962
0.3146420192770496 0.4472801553290038
0.34036680789459955 0.7467065536843204
1.1196331921054004 0.12329344631567962
0.2500365426155829 0.46604493839671945
1.2099634573844171 0.2639550616032805
1.2249828974986507 0.40382302639701917
0.2850171025013492 0.37617697360298086
1.2353682782853732 0.375
0.28463172171462686 0.375

457.624